21 22 23 24 25 0 0 0 0 0 0 40 41 42 43 44 45 46 47 0 0 0 0 0 65 65 66 67 68 69 0 0 0 0 0 0 92 90 90 91 92 93 0 0 0 0 0 0 0 0 0 0 0 0 0 0 0 0 0 0 0 0 0 0 0 0 136 136 137 138 139 140 141 142 143 144 145 146 147 148 149 150 151 152 153 154 155 156 157 158 159 0 0 0 0 0 0 195 193 193 194 195 196 197 198 199 200 201 202 203 204 205 206 207 208 209 210 211 212 213 214 215 216 217 218 219 0 0 0 0 0 0
20 1844 1825 1824 26 0 0 0 0 0 0 39 53 52 51 50 47 46 0 0 0 0 0 0 66 64 1496 67 0 0 0 0 0 0 0 0 91 91 89 1332 1331 94 95 0 0 0 0 0 0 0 0 0 0 0 0 0 0 0 0 0 0 0 0 0 0 0 137 135 865 866 867 868 869 870 871 579 578 577 576 576 576 577 578 579 580 581 582 165 164 161 160 0 0 0 0 0 0 194 194 192 474 460 459 448 447 438 437 428 427 426 425 423 422 417 416 411 410 406 405 390 389 376 375 360 359 220 0 0 0 0 0 0
19 1843 1826 1823 27 28 0 0 0 0 0 38 0 0 0 49 48 0 0 0 0 0 0 0 0 63 1495 68 0 0 0 0 0 0 0 0 0 92 88 1333 1330 1329 96 97 0 0 0 0 0 0 0 0 0 0 0 0 0 0 0 0 0 0 0 0 0 0 0 134 864 888 883 882 877 876 872 580 0 0 0 577 575 623 602 601 592 591 583 166 163 162 0 0 0 0 0 0 0 0 195 191 473 461 458 449 446 439 436 429 0 0 424 424 421 418 415 412 409 407 404 391 388 377 374 361 358 221 0 0 0 0 0 0
18 1842 1827 1822 1821 29 0 0 0 0 36 37 0 0 0 0 0 0 0 0 0 0 0 0 0 62 1494 69 0 0 0 0 0 0 0 0 0 0 87 1334 1335 1328 96 0 0 0 0 0 0 0 0 0 0 0 0 0 0 0 0 0 0 0 129 0 0 0 0 133 863 887 884 881 878 875 873 581 0 0 0 0 574 622 603 600 593 590 584 167 168 0 0 0 0 0 0 0 0 0 0 190 472 462 457 450 445 440 435 430 0 0 0 425 420 419 414 413 408 408 403 392 387 378 373 362 357 222 223 224 225 0 0 0
17 1841 1828 1829 1820 30 31 32 33 34 35 0 0 0 0 0 0 49 50 51 0 0 58 59 60 61 1493 70 71 72 73 0 0 0 83 0 0 0 86 1338 1336 1327 97 98 0 0 103 104 105 106 107 108 109 0 0 0 0 0 0 0 0 0 128 0 0 130 131 132 862 886 885 880 879 874 874 582 0 0 0 0 573 621 604 599 594 589 585 586 169 0 0 0 0 0 0 0 0 0 0 189 471 463 456 451 444 441 434 431 0 0 0 426 427 0 414 0 0 409 402 393 386 379 372 363 356 355 351 350 226 0 0 0
16 1840 1839 1830 1819 1818 1811 1810 1805 1804 35 0 0 0 0 0 0 48 1544 52 0 0 57 1523 1509 1508 1492 1491 1470 1469 74 0 0 0 82 82 83 84 85 1337 1337 1326 1325 99 100 101 102 1113 1102 1101 1091 1090 110 0 0 0 0 123 0 0 0 0 127 127 128 129 859 860 861 0 0 880 0 0 875 583 0 0 0 571 572 620 605 598 595 588 587 587 170 0 174 175 0 0 0 0 0 187 0 188 470 464 455 452 443 442 433 432 0 0 0 0 428 0 0 0 0 410 401 394 385 380 371 364 365 354 352 349 227 0 0 232
15 1840 1838 1831 1832 1817 1812 1809 1806 1803 36 37 0 0 0 0 0 47 1543 53 54 55 56 1522 1510 1507 1492 1490 1471 1468 75 76 0 80 81 82 0 0 0 0 1338 1339 1324 1323 1262 1261 1112 1112 1103 1100 1092 1089 111 0 0 0 0 122 122 123 124 125 126 914 857 857 858 876 861 862 0 0 0 0 876 584 585 586 587 570 619 619 606 597 596 0 0 588 171 172 173 176 0 0 0 0 185 186 186 187 469 465 454 453 476 477 478 479 0 0 0 0 0 0 0 0 0 411 400 395 384 381 370 367 366 353 353 348 228 229 230 231
14 1841 1837 1836 1833 1816 1813 1808 1807 1802 1801 38 0 0 0 0 45 46 1542 1541 1530 1529 1521 1521 1511 1506 1493 1489 1472 1467 1466 77 78 79 1439 0 0 0 0 0 1340 1340 1341 1322 1263 1260 1113 1111 1104 1099 1093 1088 112 0 0 0 120 121 964 963 938 937 913 913 858 856 875 875 864 863 0 0 0 0 0 698 699 700 588 569 620 618 607 608 0 0 0 0 0 0 519 177 178 0 0 183 184 480 479 468 468 466 467 474 475 489 488 480 481 482 483 0 0 0 0 416 415 412 399 396 383 382 369 368 0 0 354 347 346 289 288 231
13 1842 1843 1835 1834 1815 1814 0 0 1802 1800 39 40 41 42 43 44 1563 1542 1540 1531 1528 1522 1520 1512 1505 1494 1488 1473 1474 1465 1452 1451 1438 1438 0 0 0 0 0 0 1401 1342 1321 1264 1259 1114 1110 1105 1098 1094 1087 113 114 0 0 119 973 965 962 939 936 914 912 859 855 876 874 865 0 0 0 0 0 0 697 716 701 589 568 621 617 609 609 610 0 0 0 0 0 518 517 179 180 181 182 483 481 478 469 467 466 472 473 491 490 487 486 485 484 484 485 486 0 0 417 414 413 398 397 0 0 369 0 0 0 355 356 345 290 287 232
12 2088 1844 1845 0 0 0 0 1804 1803 1799 1798 1590 1589 1575 1574 1562 1562 1543 1539 1532 1527 1523 1519 1513 1504 1495 1487 1486 1475 1464 1453 1450 1439 1437 0 0 0 0 0 0 1400 1343 1320 1265 1258 1115 1109 1106 1097 1095 1086 1085 115 116 117 118 972 966 961 940 935 915 911 860 854 877 873 866 0 0 0 0 695 0 696 715 702 590 567 622 616 610 0 0 0 0 0 0 0 518 516 516 517 0 0 482 482 477 470 471 470 471 493 492 0 0 0 0 0 543 542 487 488 489 490 491 492 493 494 495 0 0 0 0 0 0 0 344 291 286 233
11 2087 2087 1846 0 0 0 0 0 0 1860 1797 1591 1588 1576 1573 1563 1561 1544 1538 1533 1526 1524 1518 1514 1503 1496 1497 1485 1476 1463 1454 1449 1440 1436 0 0 0 0 0 1399 1399 1344 1319 1266 1257 1116 1108 1107 1096 1096 1097 1084 1083 977 976 971 971 967 960 941 934 916 910 861 853 878 872 867 746 745 0 0 694 694 695 714 703 591 566 623 615 611 0 0 0 0 0 0 0 0 516 515 0 0 0 0 483 476 475 472 469 495 494 0 0 0 0 0 0 0 541 540 539 536 535 534 533 533 532 496 497 0 0 0 0 0 0 343 292 285 234
10 2086 2088 1847 1848 0 0 0 0 0 1859 1796 1592 1587 1577 1572 1564 1560 1545 1537 1534 1525 1525 1517 1515 1502 1501 1498 1484 1477 1462 1455 1448 1441 1435 1425 1424 0 0 0 1400 1398 1345 1318 1267 1256 1117 1118 0 0 0 0 1131 1082 978 975 972 970 968 959 942 933 917 909 862 852 879 871 868 747 744 743 693 693 722 713 713 704 592 565 624 614 612 0 0 0 0 0 0 0 0 517 514 0 0 0 0 484 485 474 473 468 496 0 0 0 0 0 0 0 0 0 0 538 537 0 0 0 534 531 530 498 499 0 375 374 0 0 342 293 284 235
9 2085 2089 1847 0 0 0 0 0 1857 1858 1795 1593 1586 1578 1571 1565 1559 1546 1536 1535 0 1526 1516 1516 1517 1500 1499 1483 1478 1461 1456 1447 1442 1434 1426 1423 1422 1411 1410 1401 1397 1346 1317 1268 1255 1254 1119 0 0 0 0 1130 1081 979 974 973 969 969 958 943 932 918 908 863 851 880 870 869 748 749 742 694 692 721 714 712 705 593 564 625 613 613 614 615 0 0 0 537 0 532 518 513 0 0 0 0 495 486 487 466 467 497 0 0 0 0 0 0 0 0 0 0 0 0 0 0 0 0 0 529 528 500 404 376 373 373 341 341 294 283 236
8 2084 2090 1848 1849 1850 1851 0 0 1856 1858 1794 1594 1585 1579 1570 1566 1558 1547 1548 0 0 0 0 0 0 0 0 1482 1479 1460 1457 1446 1443 1433 1427 1428 1421 1412 1409 1402 1396 1347 1316 1269 1270 1253 1120 0 0 0 0 1129 1080 980 981 0 0 970 957 944 931 919 907 864 850 0 0 0 750 750 741 695 691 720 715 711 706 594 563 626 627 0 0 616 0 0 536 536 531 531 519 512 511 503 502 494 494 489 488 465 501 498 0 0 0 0 0 0 0 0 0 0 0 0 0 0 0 0 0 529 527 501 403 377 372 0 342 340 295 282 237
7 2083 2091 2092 2093 2094 1852 1853 1854 1855 1859 1793 1595 1584 1580 1569 1567 1557 1556 1549 1550 0 0 0 0 0 0 1482 1481 1480 1459 1458 1445 1444 1432 1431 1429 1420 1413 1408 1403 1395 1348 1315 1314 1271 1252 1121 1122 0 0 1127 1128 1079 980 0 0 0 0 956 945 930 920 906 865 849 0 0 0 0 751 740 696 690 719 716 710 707 595 562 0 0 0 0 0 0 542 537 535 532 530 520 521 510 504 501 495 493 490 463 464 500 499 0 0 0 0 0 0 0 0 0 0 0 0 0 0 0 0 0 0 526 502 402 378 371 370 343 339 296 281 238
6 2082 2106 2101 2100 2095 1961 1960 1900 1899 1860 1792 1596 1583 1581 1568 1568 1569 1555 1552 1551 0 0 0 0 0 0 1481 1481 0 0 0 0 0 1432 1430 1430 1419 1414 1407 1404 1394 1349 1350 1313 1272 1251 1250 1123 1124 1125 1126 1128 1078 981 0 0 0 0 955 946 929 921 905 866 848 0 0 0 0 752 739 697 689 718 717 709 708 596 561 0 0 0 0 0 0 541 538 534 533 529 528 522 509 505 500 496 492 491 462 503 500 0 0 0 0 0 0 0 0 0 0 0 0 0 0 0 0 0 0 0 525 503 401 379 380 369 344 338 297 280 239
5 2081 2105 2102 2099 2096 1962 1959 1901 1898 1861 1791 1597 1582 1582 1583 0 1570 1554 1553 0 0 0 0 0 0 0 0 1482 0 0 0 0 0 0 0 1431 1418 1415 1406 1405 1393 1392 1351 1312 1273 1274 1249 1204 1203 1160 1159 1129 1077 982 0 0 0 0 954 947 928 922 904 867 847 0 0 0 764 753 738 698 688 0 0 0 0 597 560 0 0 0 0 0 540 540 539 540 0 0 527 523 508 506 499 497 498 460 461 502 501 0 0 0 0 0 0 0 0 0 0 0 0 0 0 0 0 0 0 0 524 504 400 399 381 368 345 337 298 279 240
4 2080 2104 2103 2098 2097 1963 1958 1902 1897 1862 1790 1598 0 0 0 0 1571 1572 0 0 0 0 0 0 0 0 0 0 0 0 0 0 0 0 0 0 1417 1416 0 0 1393 1391 1352 1311 1310 1275 1248 1205 1202 1161 1158 1130 1076 983 984 985 986 987 953 948 927 923 903 868 846 775 774 763 763 754 737 699 687 0 0 0 0 598 559 558 0 0 0 0 0 539 539 0 0 0 526 524 507 507 498 497 458 459 461 0 0 0 0 0 0 0 0 0 0 0 0 0 0 0 0 0 0 0 0 0 523 505 400 398 382 367 346 336 299 278 241
3 2079 2079 2080 2081 2082 1964 1957 1903 1896 1863 1789 1599 0 0 0 0 0 0 0 0 0 0 0 0 0 0 0 0 0 0 0 0 0 0 0 0 0 0 0 0 1394 1390 1353 1354 1309 1276 1247 1206 1201 1162 1157 1131 1075 994 993 990 989 988 952 949 926 924 902 869 845 776 773 764 762 755 736 700 686 0 0 0 0 599 600 557 0 0 0 0 0 0 540 0 0 0 525 525 526 508 509 457 457 459 0 0 0 0 0 0 0 0 0 0 0 0 0 0 0 0 0 0 0 0 0 522 522 506 401 397 383 366 347 335 300 277 242
2 2078 2100 2091 2090 2083 1965 1956 1904 1895 1864 1788 1600 1601 0 0 0 0 0 1611 1612 1613 0 0 0 0 0 0 0 0 0 0 0 0 0 0 0 0 0 0 0 1395 1389 1388 1355 1308 1277 1246 1207 1200 1163 1156 1132 1074 995 992 991 0 0 951 950 925 925 901 870 844 777 772 765 761 756 735 701 685 684 0 0 621 620 601 556 555 540 539 0 0 0 0 0 0 0 0 0 0 508 468 458 456 0 0 0 0 0 0 0 0 0 0 0 0 0 0 0 0 0 0 0 0 0 0 523 521 507 402 396 384 365 348 334 301 276 243
0 2077 2099 2092 2089 2084 1966 1955 1905 1894 1865 1787 1600 0 0 0 0 0 1609 1610 1748 1614 0 0 0 0 0 0 0 0 0 0 0 0 0 0 0 0 0 0 1396 1396 1397 1387 1356 1307 1278 1245 1208 1199 1164 1155 1133 1073 996 997 0 0 0 951 0 0 926 900 871 843 778 771 766 760 757 734 702 703 683 648 647 622 619 602 603 554 541 538 537 0 0 0 0 0 0 0 0 0 509 467 459 455 0 0 0 0 0 0 0 0 0 0 0 0 0 0 0 0 0 0 0 0 0 0 524 520 508 403 395 385 364 349 333 302 275 244
2076 2076 2098 2093 2088 2085 1967 1954 1906 1893 1866 1786 1601 0 0 1606 0 0 1608 1747 1747 1615 1616 0 0 0 0 0 0 0 0 0 0 0 0 0 0 0 0 0 0 1398 1398 1386 1357 1306 1279 1244 1209 1198 1165 1154 1134 1072 998 998 999 0 0 0 0 0 927 899 872 842 779 770 767 759 758 733 732 704 682 649 646 623 618 617 604 553 542 543 536 536 0 0 0 0 0 0 0 513 510 466 460 454 0 0 0 0 0 0 0 0 0 0 0 0 0 0 0 0 0 0 0 0 0 0 525 519 509 404 394 386 363 350 332 303 274 245
2077 2075 2097 2094 2087 2086 1968 1953 1907 1892 1867 1785 1602 1603 1604 1605 1605 1606 1607 1748 1746 1745 1617 1618 1619 0 0 0 0 0 0 0 0 0 0 0 0 0 0 0 0 0 1399 1385 1358 1305 1280 1243 1210 1197 1166 1153 1135 1071 999 0 0 0 0 0 0 929 928 898 873 841 780 769 768 0 0 0 731 705 681 650 645 624 625 616 605 552 551 544 535 537 0 0 0 0 0 0 512 512 511 465 461 453 0 0 0 0 0 0 0 0 0 0 0 0 0 0 0 0 0 0 0 0 0 0 0 518 510 511 393 387 362 351 331 304 273 246
2078 2074 2096 2095 1980 1979 1969 1952 1908 1891 1868 1784 1783 1763 1762 1758 1757 1754 1753 1749 1750 1744 1617 0 0 0 0 0 0 0 0 0 0 0 0 0 0 0 0 0 0 0 1400 1384 1359 1304 1281 1242 1211 1196 1167 1152 1136 1070 1000 0 0 0 0 0 0 0 0 897 874 840 781 782 0 0 0 0 730 706 680 651 644 643 626 615 606 607 550 545 534 0 0 0 0 0 0 0 513 0 0 464 462 452 0 0 0 0 0 0 0 0 0 0 0 0 0 0 0 0 0 0 0 0 0 0 0 517 516 512 392 388 361 352 330 305 272 247
2079 2073 1991 1990 1981 1978 1970 1951 1909 1890 1869 1870 1782 1764 1761 1759 1756 1755 1752 1751 1751 1743 1618 0 0 0 0 0 0 0 0 0 0 0 0 0 0 0 1408 1407 1406 1405 1401 1383 1360 1303 1282 1241 1212 1195 1168 1151 1137 1069 1001 0 0 0 0 0 0 0 0 896 875 839 838 783 0 0 0 0 729 707 679 652 653 642 627 614 613 608 549 546 533 0 0 0 531 0 0 0 0 0 0 463 463 451 0 0 0 0 0 0 0 0 0 0 0 0 0 0 0 0 0 0 0 0 0 0 0 0 515 513 391 389 360 353 329 306 271 248
2080 2072 1992 1989 1982 1977 1971 1950 1910 1889 1888 1871 1781 1765 1760 1760 1761 0 0 0 1752 1742 1619 1620 0 0 0 0 0 0 0 0 0 0 0 0 0 1410 1409 0 0 1404 1402 1382 1361 1302 1283 1240 1213 1194 1169 1150 1138 1068 1002 1003 1004 0 0 0 1012 0 1013 895 876 877 837 784 0 0 0 0 728 708 678 677 654 641 628 629 612 609 548 547 532 531 529 529 530 0 0 0 0 0 0 0 464 450 449 0 0 0 0 0 0 0 0 0 0 0 0 0 0 0 0 0 0 0 0 0 0 0 514 514 390 390 359 354 328 307 270 249
2081 2071 1993 1988 1983 1976 1972 1949 1911 1912 1887 1872 1780 1766 1767 0 0 0 0 0 0 1741 1740 1621 1622 0 0 0 0 0 0 0 0 0 0 0 0 0 0 0 1403 1403 1403 1381 1362 1301 1284 1239 1214 1193 1170 1149 1139 1067 1058 1057 1005 0 0 1010 1011 1011 1012 894 893 878 836 785 786 787 788 789 727 709 710 676 655 640 639 630 611 610 0 0 0 530 530 528 530 0 0 0 0 0 0 0 465 466 448 446 445 0 0 0 0 0 0 0 0 0 0 0 0 0 0 0 0 0 0 0 0 515 514 515 516 391 358 355 327 308 269 250
2082 2070 1994 1987 1984 1975 1973 1948 1947 1913 1886 1873 1779 1778 1768 0 0 0 0 0 0 1741 1739 1738 1623 0 0 0 0 0 0 0 0 0 0 0 0 0 0 0 0 0 1404 1380 1363 1300 1285 1238 1215 1192 1171 1148 1140 1066 1059 1056 1006 1007 1008 1009 1026 1025 1012 1013 892 879 835 825 824 805 804 790 726 725 711 675 656 657 638 631 0 0 0 0 0 0 531 527 531 532 533 0 0 0 0 0 476 467 447 447 444 443 0 0 0 0 0 0 0 0 0 0 0 0 0 0 0 0 0 0 0 0 0 515 398 392 357 356 326 309 268 251
2083 2069 1995 1986 1985 1974 1974 1975 1946 1914 1885 1874 1875 1777 1769 1770 0 0 0 0 0 1742 1743 1737 1624 1625 1626 0 0 0 0 0 0 0 0 0 0 0 0 0 0 0 1405 1379 1364 1299 1286 1237 1216 1191 1172 1147 1141 1065 1060 1055 1051 1050 1044 1043 1027 1024 1023 1014 891 880 834 826 823 806 803 791 792 724 712 674 673 658 637 632 0 0 0 0 0 0 532 526 547 532 0 0 0 0 0 475 475 436 435 448 449 442 441 0 0 0 0 0 0 0 0 0 0 0 0 0 0 0 0 0 0 0 0 0 397 393 394 0 325 310 267 252
2084 2068 1996 1997 0 0 0 0 1945 1915 1884 1883 1876 1776 1769 0 0 0 0 0 1749 1748 1744 1736 1714 1713 1627 1628 1629 0 0 0 0 0 0 1421 0 0 0 0 0 1413 1406 1378 1365 1298 1287 1236 1217 1190 1173 1146 1142 1064 1061 1054 1052 1049 1045 1042 1028 1029 1022 1015 890 881 833 827 822 807 802 801 793 723 713 714 672 659 636 633 0 0 0 0 0 0 533 525 546 533 0 0 538 0 0 0 474 437 434 433 450 451 440 439 0 0 0 0 0 0 0 0 0 0 0 0 0 0 0 0 0 0 0 396 396 393 0 324 324 311 266 253
2085 2067 2066 1998 0 0 0 0 1944 1916 1917 1882 1877 1775 1770 0 0 0 0 0 1750 1747 1745 1735 1715 1712 1634 1633 1630 0 0 0 0 0 0 1420 1419 1416 1415 0 0 1412 1407 1377 1366 1297 1288 1235 1218 1189 1174 1145 1143 1063 1062 1053 1053 1048 1046 1041 1040 1030 1021 1016 889 882 832 828 821 808 809 800 794 722 721 715 671 660 635 634 0 0 0 0 0 536 534 524 545 534 535 536 537 0 0 473 473 438 439 432 431 452 453 438 0 0 0 0 0 0 0 0 0 0 0 0 0 0 0 0 0 400 399 397 395 394 0 325 323 312 265 254
2086 2087 2065 1999 0 0 0 0 1943 1942 1918 1881 1878 1774 1771 0 0 0 1753 1752 1751 1746 1746 1734 1716 1711 1635 1632 1631 0 0 0 0 0 0 1420 1418 1417 1414 1413 1411 1411 1408 1376 1367 1296 1289 1234 1219 1188 1175 1144 1144 1145 0 0 1054 1047 1047 1048 1039 1031 1020 1017 888 883 831 829 820 819 810 799 795 796 720 716 670 661 662 0 0 0 0 0 0 535 535 523 544 543 538 537 537 538 539 474 472 471 440 441 430 429 454 437 0 0 0 0 0 0 0 0 0 0 0 0 412 408 407 404 403 401 398 398 399 0 0 0 322 313 264 255
2107 2088 2064 2000 2001 0 0 2006 2007 1941 1919 1880 1879 1773 1772 0 0 0 1754 0 0 0 1747 1733 1717 1710 1636 1637 0 0 0 0 0 0 0 0 0 0 0 1412 1412 1410 1409 1375 1368 1295 1290 1233 1220 1187 1176 1177 0 0 0 0 0 0 1056 1049 1038 1032 1019 1018 887 884 830 830 831 818 811 798 797 797 719 717 669 668 663 0 0 0 0 0 0 0 536 522 544 542 539 0 0 542 540 475 476 470 469 442 443 428 455 436 435 0 0 0 0 0 0 0 0 0 416 411 411 409 406 405 402 402 403 0 0 0 0 0 321 314 263 256
2106 2089 2063 2062 2002 2003 2004 2005 2008 1940 1920 1921 0 0 0 0 0 0 0 0 0 0 1748 1732 1718 1709 1708 1638 1639 1640 1641 1642 1643 1644 0 1648 1649 0 0 0 1413 1414 0 1374 1369 1294 1291 1232 1221 1186 1185 1178 0 0 0 0 0 0 1055 1050 1037 1033 0 0 886 885 0 0 832 817 812 0 0 798 718 718 719 667 664 0 0 0 0 0 0 0 537 521 545 541 540 0 0 541 541 542 477 478 468 467 444 427 426 436 434 433 0 0 0 0 0 0 0 415 415 412 410 410 411 374 357 356 0 0 0 0 0 0 320 315 262 257
2105 2090 2091 2061 2046 2045 2029 2028 2009 1939 1938 1922 0 0 0 0 0 0 0 0 0 1753 1749 1731 1719 1720 1707 1694 1693 1680 1679 1667 1666 1645 1646 1647 0 0 0 0 0 0 0 1373 1370 1293 1292 1231 1222 1223 1184 1179 1180 0 0 0 0 0 1054 1051 1036 1034 0 0 0 0 0 0 833 816 813 0 0 0 0 0 0 666 665 0 0 0 0 0 0 540 538 520 0 0 0 0 0 0 0 0 499 479 480 466 445 446 425 437 438 432 431 0 0 0 0 419 418 416 414 413 389 388 373 373 358 355 0 0 343 331 330 319 319 316 261 258
2104 2103 2092 2060 2047 2044 2030 2027 2010 2011 1937 1923 1924 0 0 0 0 0 0 0 1752 1752 1750 1730 1729 1721 1706 1695 1692 1681 1678 1668 1665 1648 1647 1647 1648 0 0 0 0 0 0 1372 1371 0 0 1230 1229 1224 1183 1179 0 0 0 0 0 1053 1053 1052 1035 1035 1036 0 0 0 0 0 834 815 814 0 0 0 0 0 0 666 0 0 0 0 0 0 0 539 539 519 0 0 0 0 0 0 0 0 498 497 481 465 464 447 424 423 439 440 430 428 427 423 422 420 417 417 418 400 390 387 374 372 359 354 353 342 342 332 329 320 318 317 260 259
2104 2102 2093 2059 2048 2043 2031 2026 2025 2012 1936 1935 1925 1926 0 0 0 0 0 0 0 1751 1751 1752 1728 1722 1705 1696 1691 1682 1677 1669 1664 1649 0 0 0 0 0 0 0 0 0 1372 0 0 0 0 1228 1225 1182 1180 0 0 0 0 0 1054 0 0 0 0 0 0 0 0 0 0 835 0 0 0 0 0 0 0 0 0 0 0 0 0 0 0 0 0 540 518 518 519 0 0 0 0 509 508 498 496 482 483 463 448 449 422 421 441 429 429 426 424 421 421 422 0 399 399 391 386 375 371 360 361 352 343 341 333 328 321 322 0 0 0
2105 2101 2094 2058 2049 2042 2032 2033 2024 2013 2014 1934 1933 1927 0 0 0 0 0 0 0 1751 0 0 1727 1723 1704 1697 1690 1683 1676 1670 1663 1650 0 0 0 0 0 0 0 0 0 1373 0 0 0 0 1227 1226 1181 1181 1182 0 0 0 0 0 0 0 0 0 0 0 0 0 0 0 0 0 0 0 0 0 0 0 0 0 0 0 0 0 0 0 0 0 0 518 517 520 0 0 0 0 0 507 499 495 494 484 462 461 450 451 420 419 0 430 425 425 426 0 0 0 0 398 392 385 376 370 369 362 351 344 340 334 327 326 323 0 0 0
2106 2100 2095 2057 2050 2041 2040 2034 2023 2022 2015 2016 1932 1928 0 0 0 1936 0 0 0 0 0 0 1726 1724 1703 1698 1689 1684 1675 1671 1662 1651 1652 0 0 0 0 0 0 0 0 1374 0 0 0 0 0 0 0 0 0 0 0 0 0 0 0 0 0 0 0 0 0 0 0 0 0 0 0 0 0 0 0 0 0 0 0 0 0 0 0 529 0 0 0 519 516 0 0 0 0 0 0 506 500 501 493 485 486 460 459 452 453 418 413 412 407 406 401 400 0 0 0 397 393 384 377 378 368 363 350 345 339 335 336 325 324 0 0 0
2107 2099 2096 2056 2051 2052 2039 2035 2036 2021 2020 2017 1931 1929 0 0 1934 1935 0 0 0 0 0 1725 1725 1725 1702 1699 1688 1685 1674 1672 1661 1660 1653 1654 1655 0 0 0 0 0 0 0 0 0 0 0 0 0 0 0 0 0 0 0 0 0 0 0 0 0 0 0 0 0 0 0 0 0 0 0 0 0 0 0 0 0 0 0 0 0 0 528 527 524 523 520 515 0 0 510 509 0 0 505 504 502 492 491 487 488 458 457 454 417 414 411 408 405 402 399 0 0 0 396 394 383 382 379 367 364 349 346 338 335 0 0 0 0 0 0
2108 2098 2097 2055 2054 2053 2038 2037 2037 2038 2019 2018 1930 1930 1931 1932 1933 0 0 0 0 0 0 0 0 1726 1701 1700 1687 1686 1673 1673 1674 1659 1658 1657 1656 0 0 0 0 0 0 0 0 0 0 0 0 0 0 0 0 0 0 0 0 0 0 0 0 0 0 0 0 0 0 0 0 0 0 0 0 0 0 0 0 0 0 0 0 0 529 528 526 525 522 521 514 513 512 511 508 507 506 505 503 503 504 490 489 489 490 456 455 416 415 410 409 404 403 398 397 396 395 395 395 396 381 380 366 365 348 347 337 336 0 0 0 0 0 0
